
 10512.03264427185 90299 300989
 10442.54040145874 90299 300989
 10476.564366579056 90299 300989
 10474.775701284409 90299 300989
 10483.512131690979 90299 300989
 10470.252042770386 90299 300989
 10491.068450212479 90299 300989
 10446.740859270096 90299 300989
 10439.169468164444 90299 300989
 10458.191042423248 90299 300989
 10460.97766494751 90299 300989
 10478.497265815735 90299 300989
 10489.031358003616 90299 300989
 10458.418756246567 90299 300989
 10454.769841194153 90299 300989
 10454.65120267868 90299 300989
 10486.879515886307 90299 300989
 10448.117550373077 90299 300989
 10459.728735685349 90299 300989
 10496.67210817337 90299 300989
 10463.484074115753 90299 300989
 10467.487051486969 90299 300989
 10494.034461259842 90299 300989
 10459.586258649826 90299 300989
 10457.155654668808 90299 300989
 10437.563031673431 90299 300989
 10441.183191776276 90299 300989
 10461.400749444962 90299 300989
 10461.042800664902 90299 300989
 10474.32084608078 90299 300989