
 288.55278277397156 9015 30047
 286.1965162754059 9015 30047
 289.58794617652893 9015 30047
 290.83497047424316 9015 30047
 290.3149058818817 9015 30047
 290.2811756134033 9015 30047
 290.337397813797 9015 30047
 290.52259635925293 9015 30047
 290.01207184791565 9015 30047
 291.2701561450958 9015 30047
 289.8040165901184 9015 30047
 289.86591362953186 9015 30047
 289.9671697616577 9015 30047
 289.5470564365387 9015 30047
 289.91006231307983 9015 30047
 290.63087582588196 9015 30047
 290.39761662483215 9015 30047
 290.8816270828247 9015 30047
 290.21210169792175 9015 30047
 290.3261821269989 9015 30047
 290.2070519924164 9015 30047
 291.5025243759155 9015 30047
 290.1069231033325 9015 30047
 291.11656880378723 9015 30047
 289.3896961212158 9015 30047
 290.78892040252686 9015 30047
 289.9811933040619 9015 30047
 291.083856344223 9015 30047
 290.3919358253479 9015 30047
 290.95556688308716 9015 30047