
 1.5818288326263428 90 307
 1.5294675827026367 90 307
 1.5002806186676025 90 307
 1.6283328533172607 90 307
 1.5182936191558838 90 307
 1.5684709548950195 90 307
 1.5792617797851562 90 307
 1.4740879535675049 90 307
 1.5397803783416748 90 307
 1.5489068031311035 90 307
 1.5410418510437012 90 307
 1.49261474609375 90 307
 1.566699743270874 90 307
 1.585256814956665 90 307
 1.4933178424835205 90 307
 1.502974033355713 90 307
 1.5715625286102295 90 307
 1.5033469200134277 90 307
 1.5759596824645996 90 307
 1.5559568405151367 90 307
 1.5081501007080078 90 307
 1.519106149673462 90 307
 1.4939219951629639 90 307
 1.621629238128662 90 307
 1.4750075340270996 90 307
 1.563107967376709 90 307
 1.5839567184448242 90 307
 1.508819341659546 90 307
 1.4904301166534424 90 307
 1.5733275413513184 90 307