
 151.40233302116394 3004 30047
 150.28787636756897 3004 30047
 151.33176612854004 3004 30047
 150.3755533695221 3004 30047
 150.49726748466492 3004 30047
 150.15350699424744 3004 30047
 151.57038807868958 3004 30047
 150.5441973209381 3004 30047
 150.92153978347778 3004 30047
 150.57479047775269 3004 30047
 151.0525393486023 3004 30047
 150.1382863521576 3004 30047
 150.64336514472961 3004 30047
 150.1944489479065 3004 30047
 151.52421402931213 3004 30047
 149.83031821250916 3004 30047
 151.30072164535522 3004 30047
 149.58222317695618 3004 30047
 152.67432761192322 3004 30047
 150.3645634651184 3004 30047
 151.32394695281982 3004 30047
 150.23504781723022 3004 30047
 151.7861773967743 3004 30047
 150.12597823143005 3004 30047
 151.55795001983643 3004 30047
 150.0472719669342 3004 30047
 151.5189893245697 3004 30047
 149.84573578834534 3004 30047
 151.11493468284607 3004 30047
 149.53041982650757 3004 30047