
 1420.4151196479797 0 300989
 1415.0627088546753 0 300989
 1406.100508928299 0 300989
 1412.1004276275635 0 300989
 1409.6079986095428 0 300989
 1408.899628162384 0 300989
 1411.387892484665 0 300989
 1412.8559284210205 0 300989
 1413.5773169994354 0 300989
 1414.0108609199524 0 300989
 1416.5515575408936 0 300989
 1412.3430252075195 0 300989
 1415.794067144394 0 300989
 1413.6140456199646 0 300989
 1416.9060819149017 0 300989
 1415.3912620544434 0 300989
 1412.1055641174316 0 300989
 1415.1916964054108 0 300989
 1418.8964138031006 0 300989
 1413.5797262191772 0 300989
 1412.0013360977173 0 300989
 1421.9846546649933 0 300989
 1415.8719532489777 0 300989
 1414.4052329063416 0 300989
 1424.7093312740326 0 300989
 1421.905993461609 0 300989
 1418.393979549408 0 300989
 1424.7464034557343 0 300989
 1421.0956072807312 0 300989
 1421.748803138733 0 300989