
 139.5952365398407 0 30047
 140.00494933128357 0 30047
 139.34385418891907 0 30047
 139.78639888763428 0 30047
 137.74654841423035 0 30047
 139.90147161483765 0 30047
 139.09563612937927 0 30047
 142.79259371757507 0 30047
 138.09168243408203 0 30047
 141.39765620231628 0 30047
 138.14399242401123 0 30047
 139.969664812088 0 30047
 138.33699679374695 0 30047
 139.6134922504425 0 30047
 139.06934213638306 0 30047
 139.90203499794006 0 30047
 139.22823429107666 0 30047
 138.8764946460724 0 30047
 140.10234594345093 0 30047
 138.51274418830872 0 30047
 141.09757924079895 0 30047
 138.09862995147705 0 30047
 140.34992289543152 0 30047
 138.014906167984 0 30047
 142.4866042137146 0 30047
 139.05489420890808 0 30047
 140.23781752586365 0 30047
 140.04426527023315 0 30047
 139.83857607841492 0 30047
 139.67649602890015 0 30047