
 1.5791234970092773 30 307
 1.5854008197784424 30 307
 1.5576746463775635 30 307
 1.6947481632232666 30 307
 1.631944179534912 30 307
 1.5951027870178223 30 307
 1.6747477054595947 30 307
 1.6546261310577393 30 307
 1.5939934253692627 30 307
 1.674849033355713 30 307
 1.6512303352355957 30 307
 1.6561312675476074 30 307
 1.6482253074645996 30 307
 1.584017276763916 30 307
 1.6429131031036377 30 307
 1.6254804134368896 30 307
 1.6914658546447754 30 307
 1.6368942260742188 30 307
 1.6246328353881836 30 307
 1.5868558883666992 30 307
 1.7252027988433838 30 307
 1.6095292568206787 30 307
 1.591747760772705 30 307
 1.5994462966918945 30 307
 1.5847949981689453 30 307
 1.6302838325500488 30 307
 1.5696005821228027 30 307
 1.5984904766082764 30 307
 1.6242809295654297 30 307
 1.650399923324585 30 307