
 876.1164469718933 90296 300989
 877.3321521282196 90296 300989
 876.4328141212463 90296 300989
 873.9962911605835 90296 300989
 875.7741048336029 90296 300989
 874.2220542430878 90296 300989
 872.0435523986816 90296 300989
 875.981522321701 90296 300989
 872.3452200889587 90296 300989
 876.8355906009674 90296 300989
 874.6929318904877 90296 300989
 877.2499847412109 90296 300989
 874.5125458240509 90296 300989
 878.8343229293823 90296 300989
 875.0081293582916 90296 300989
 874.2561676502228 90296 300989
 874.1621832847595 90296 300989
 873.6967544555664 90296 300989
 875.9107992649078 90296 300989
 873.6850197315216 90296 300989
 876.5886569023132 90296 300989
 874.9931955337524 90296 300989
 875.2123103141785 90296 300989
 875.1561801433563 90296 300989
 872.9535121917725 90296 300989
 874.3282446861267 90296 300989
 872.7395894527435 90296 300989
 875.5710020065308 90296 300989
 872.2952311038971 90296 300989
 889.9629158973694 90296 300989