
 2160.248963356018 30096 300989
 2154.365249633789 30096 300989
 2154.3214139938354 30096 300989
 2154.160568714142 30096 300989
 2171.381858110428 30096 300989
 2151.9932329654694 30096 300989
 2163.984444141388 30096 300989
 2161.6833760738373 30096 300989
 2161.735903263092 30096 300989
 2154.0348320007324 30096 300989
 2157.1803770065308 30096 300989
 2162.7206716537476 30096 300989
 2160.0149960517883 30096 300989
 2157.672832250595 30096 300989
 2158.9311237335205 30096 300989
 2155.16761803627 30096 300989
 2162.0797221660614 30096 300989
 2160.0149788856506 30096 300989
 2158.6554856300354 30096 300989
 2160.38299703598 30096 300989
 2160.342034816742 30096 300989
 2158.3373374938965 30096 300989
 2161.5370111465454 30096 300989
 2154.9469974040985 30096 300989
 2160.6767749786377 30096 300989
 2156.6874763965607 30096 300989
 2155.675444841385 30096 300989
 2156.914180278778 30096 300989
 2158.855896472931 30096 300989
 2158.1314516067505 30096 300989