
 11.668464660644531 1010 3375
 11.575321674346924 1010 3375
 11.76548171043396 1010 3375
 11.74980902671814 1010 3375
 11.877245903015137 1010 3375
 11.686842203140259 1010 3375
 11.641169309616089 1010 3375
 11.715410470962524 1010 3375
 11.800018310546875 1010 3375
 11.720390319824219 1010 3375
 11.903058052062988 1010 3375
 11.624098300933838 1010 3375
 11.942874193191528 1010 3375
 12.06306505203247 1010 3375
 12.131598472595215 1010 3375
 12.157349586486816 1010 3375
 11.943344354629517 1010 3375
 12.110514402389526 1010 3375
 12.057327270507812 1010 3375
 12.067035436630249 1010 3375
 11.835670948028564 1010 3375
 11.715169906616211 1010 3375
 11.701372385025024 1010 3375
 11.876944780349731 1010 3375
 12.00782036781311 1010 3375
 11.646778583526611 1010 3375
 11.681091785430908 1010 3375
 11.727646112442017 1010 3375
 11.763895511627197 1010 3375
 11.833779573440552 1010 3375