
 1.5810933113098145 90 307
 1.591339349746704 90 307
 1.54087233543396 90 307
 1.539764404296875 90 307
 1.545393943786621 90 307
 1.623525619506836 90 307
 1.5204973220825195 90 307
 1.5682811737060547 90 307
 1.6921651363372803 90 307
 1.5675764083862305 90 307
 1.5342273712158203 90 307
 1.5955450534820557 90 307
 1.5722708702087402 90 307
 1.520803451538086 90 307
 1.6085386276245117 90 307
 1.5446529388427734 90 307
 1.5455782413482666 90 307
 1.5470187664031982 90 307
 1.5926008224487305 90 307
 1.5666184425354004 90 307
 1.5538105964660645 90 307
 1.663987636566162 90 307
 1.5612351894378662 90 307
 1.5870745182037354 90 307
 1.6414721012115479 90 307
 1.6605019569396973 90 307
 1.578183889389038 90 307
 1.5793483257293701 90 307
 1.5851504802703857 90 307
 1.5413103103637695 90 307