
 139.98536348342896 3009 30047
 140.2901771068573 3009 30047
 139.68597626686096 3009 30047
 141.45840454101562 3009 30047
 139.29536700248718 3009 30047
 141.61554265022278 3009 30047
 138.74274897575378 3009 30047
 141.44894647598267 3009 30047
 139.1995484828949 3009 30047
 140.93331789970398 3009 30047
 139.09561705589294 3009 30047
 141.61368107795715 3009 30047
 139.23985409736633 3009 30047
 140.3962779045105 3009 30047
 139.90403580665588 3009 30047
 140.61901187896729 3009 30047
 140.77656769752502 3009 30047
 139.4095425605774 3009 30047
 141.04543495178223 3009 30047
 138.9202389717102 3009 30047
 141.6392674446106 3009 30047
 138.86645030975342 3009 30047
 141.55386233329773 3009 30047
 138.89514803886414 3009 30047
 142.32658743858337 3009 30047
 139.04600167274475 3009 30047
 141.32697129249573 3009 30047
 139.40360021591187 3009 30047
 141.0057852268219 3009 30047
 140.35301876068115 3009 30047