
 17.55294156074524 1014 3375
 17.594642162322998 1014 3375
 17.20800256729126 1014 3375
 17.203843116760254 1014 3375
 17.436654806137085 1014 3375
 17.357666969299316 1014 3375
 16.8864905834198 1014 3375
 17.177685260772705 1014 3375
 17.09023690223694 1014 3375
 16.795000553131104 1014 3375
 16.848769664764404 1014 3375
 17.149619340896606 1014 3375
 16.931138515472412 1014 3375
 16.87102437019348 1014 3375
 16.977608680725098 1014 3375
 17.093915224075317 1014 3375
 16.961816549301147 1014 3375
 17.035439014434814 1014 3375
 17.4507737159729 1014 3375
 17.52657413482666 1014 3375
 17.327606439590454 1014 3375
 17.230278968811035 1014 3375
 17.50063180923462 1014 3375
 17.156617879867554 1014 3375
 16.910818338394165 1014 3375
 17.154228925704956 1014 3375
 16.926307916641235 1014 3375
 16.85100030899048 1014 3375
 16.989320516586304 1014 3375
 17.021263599395752 1014 3375