
 1332.3120832443237 90197 300989
 1328.3692367076874 90197 300989
 1327.0485625267029 90197 300989
 1326.424298286438 90197 300989
 1324.4067041873932 90197 300989
 1319.3884842395782 90197 300989
 1328.2470109462738 90197 300989
 1321.909039258957 90197 300989
 1320.882802248001 90197 300989
 1328.267270565033 90197 300989
 1324.904328584671 90197 300989
 1320.9166822433472 90197 300989
 1322.0735838413239 90197 300989
 1320.0757117271423 90197 300989
 1323.6019670963287 90197 300989
 1324.62295627594 90197 300989
 1329.1026358604431 90197 300989
 1329.9727880954742 90197 300989
 1323.731565952301 90197 300989
 1321.3519582748413 90197 300989
 1320.8568868637085 90197 300989
 1326.0992860794067 90197 300989
 1322.0519354343414 90197 300989
 1324.6319921016693 90197 300989
 1320.8902921676636 90197 300989
 1322.9700329303741 90197 300989
 1326.6676630973816 90197 300989
 1320.70946931839 90197 300989
 1325.352668762207 90197 300989
 1329.665913105011 90197 300989