
 21.02928066253662 1012 3375
 20.05781102180481 1012 3375
 19.29075837135315 1012 3375
 19.215566873550415 1012 3375
 18.79979658126831 1012 3375
 18.975496292114258 1012 3375
 18.78039836883545 1012 3375
 18.764373064041138 1012 3375
 18.855165004730225 1012 3375
 18.83804750442505 1012 3375
 18.748157739639282 1012 3375
 18.801398754119873 1012 3375
 18.954471111297607 1012 3375
 18.844932317733765 1012 3375
 19.21415686607361 1012 3375
 19.26024603843689 1012 3375
 19.052022218704224 1012 3375
 19.297008991241455 1012 3375
 19.170305728912354 1012 3375
 18.883246660232544 1012 3375
 18.835453748703003 1012 3375
 18.934386491775513 1012 3375
 18.836799383163452 1012 3375
 18.72173833847046 1012 3375
 18.995540142059326 1012 3375
 18.859102487564087 1012 3375
 18.684961795806885 1012 3375
 19.131741523742676 1012 3375
 19.073602437973022 1012 3375
 18.825820922851562 1012 3375