
 1.4955151081085205 30 307
 1.46354079246521 30 307
 1.5081253051757812 30 307
 1.4275867938995361 30 307
 1.4829952716827393 30 307
 1.494166374206543 30 307
 1.4635875225067139 30 307
 1.4029500484466553 30 307
 1.4194481372833252 30 307
 1.4646329879760742 30 307
 1.4363162517547607 30 307
 1.4783191680908203 30 307
 1.38507080078125 30 307
 1.5105509757995605 30 307
 1.4099476337432861 30 307
 1.4363996982574463 30 307
 1.47959566116333 30 307
 1.4206345081329346 30 307
 1.4495899677276611 30 307
 1.410860538482666 30 307
 1.523585557937622 30 307
 1.4364111423492432 30 307
 1.499161958694458 30 307
 1.4645812511444092 30 307
 1.497805118560791 30 307
 1.4418830871582031 30 307
 1.4339509010314941 30 307
 1.605032205581665 30 307
 1.4499728679656982 30 307
 1.4155070781707764 30 307