
 93.13366842269897 8952 30047
 94.32266020774841 8952 30047
 95.18906259536743 8952 30047
 93.90366244316101 8952 30047
 93.66135001182556 8952 30047
 95.12603807449341 8952 30047
 92.97519326210022 8952 30047
 93.33893322944641 8952 30047
 95.42952561378479 8952 30047
 92.94725131988525 8952 30047
 93.18034195899963 8952 30047
 95.68263554573059 8952 30047
 93.69425392150879 8952 30047
 93.29757690429688 8952 30047
 94.37764000892639 8952 30047
 94.17500400543213 8952 30047
 93.4404091835022 8952 30047
 94.6750078201294 8952 30047
 95.14885330200195 8952 30047
 93.13944602012634 8952 30047
 93.57618021965027 8952 30047
 94.94397163391113 8952 30047
 93.30243301391602 8952 30047
 93.0939085483551 8952 30047
 96.31085515022278 8952 30047
 93.09385848045349 8952 30047
 93.16055011749268 8952 30047
 94.90674662590027 8952 30047
 93.81309223175049 8952 30047
 93.40739393234253 8952 30047