
 18.015315771102905 336 3375
 19.273651361465454 336 3375
 18.19995903968811 336 3375
 17.636783123016357 336 3375
 18.720789909362793 336 3375
 18.873390674591064 336 3375
 19.018985509872437 336 3375
 18.953089714050293 336 3375
 18.806650638580322 336 3375
 18.892909049987793 336 3375
 18.973350763320923 336 3375
 18.85293221473694 336 3375
 18.990397930145264 336 3375
 19.615108251571655 336 3375
 19.57265877723694 336 3375
 19.191775798797607 336 3375
 19.2964129447937 336 3375
 19.428393840789795 336 3375
 18.82852339744568 336 3375
 19.14128541946411 336 3375
 19.032002210617065 336 3375
 18.820322275161743 336 3375
 18.98432493209839 336 3375
 19.02975106239319 336 3375
 18.95108413696289 336 3375
 18.767173051834106 336 3375
 18.788410186767578 336 3375
 18.88223171234131 336 3375
 19.186590433120728 336 3375
 19.620266437530518 336 3375