
 1431.835506439209 30363 300989
 1427.8879024982452 30363 300989
 1433.546602010727 30363 300989
 1437.0540964603424 30363 300989
 1432.767438173294 30363 300989
 1436.9190113544464 30363 300989
 1434.7108433246613 30363 300989
 1443.1849896907806 30363 300989
 1438.9959592819214 30363 300989
 1433.5926189422607 30363 300989
 1435.180750131607 30363 300989
 1442.6288583278656 30363 300989
 1434.1749889850616 30363 300989
 1437.0377395153046 30363 300989
 1371.1334505081177 30363 300989
 1329.5090992450714 30363 300989
 1322.0597631931305 30363 300989
 1328.0011930465698 30363 300989
 1335.6862120628357 30363 300989
 1330.720282793045 30363 300989
 1323.0557069778442 30363 300989
 1324.1993191242218 30363 300989
 1324.456470966339 30363 300989
 1327.6384739875793 30363 300989
 1325.526117324829 30363 300989
 1321.623528957367 30363 300989
 1323.002198934555 30363 300989
 1328.0756707191467 30363 300989
 1324.1706912517548 30363 300989
 1327.4670548439026 30363 300989