
 15.740234375 336 3375
 15.335167169570923 336 3375
 15.924904584884644 336 3375
 15.48859429359436 336 3375
 15.538211107254028 336 3375
 15.618602991104126 336 3375
 15.167025327682495 336 3375
 15.043386697769165 336 3375
 15.208843469619751 336 3375
 15.228924751281738 336 3375
 14.954564332962036 336 3375
 15.087842464447021 336 3375
 15.13443922996521 336 3375
 15.224555730819702 336 3375
 14.963369131088257 336 3375
 14.947773933410645 336 3375
 15.166502237319946 336 3375
 15.109715700149536 336 3375
 15.02261757850647 336 3375
 15.133659839630127 336 3375
 15.478901386260986 336 3375
 15.31737208366394 336 3375
 15.306088924407959 336 3375
 15.287646770477295 336 3375
 15.587965488433838 336 3375
 15.369227647781372 336 3375
 15.104543685913086 336 3375
 14.865177631378174 336 3375
 15.143537759780884 336 3375
 15.002304315567017 336 3375