
 1.6084351539611816 30 307
 1.6580393314361572 30 307
 1.5444469451904297 30 307
 1.5883898735046387 30 307
 1.7090189456939697 30 307
 1.5795981884002686 30 307
 1.5725018978118896 30 307
 1.6137516498565674 30 307
 1.6552557945251465 30 307
 1.5586471557617188 30 307
 1.635910987854004 30 307
 1.5424907207489014 30 307
 1.5647339820861816 30 307
 1.621302604675293 30 307
 1.5423903465270996 30 307
 1.5808725357055664 30 307
 1.5405375957489014 30 307
 1.6583738327026367 30 307
 1.5324912071228027 30 307
 1.5807549953460693 30 307
 1.6890416145324707 30 307
 1.5211827754974365 30 307
 1.585552453994751 30 307
 1.6282963752746582 30 307
 1.5798366069793701 30 307
 1.5611670017242432 30 307
 1.6245243549346924 30 307
 1.6409883499145508 30 307
 1.6044039726257324 30 307
 1.6272852420806885 30 307