
 1182.4599916934967 30099 300989
 1177.7007534503937 30099 300989
 1173.1990876197815 30099 300989
 1170.3330509662628 30099 300989
 1173.0518107414246 30099 300989
 1171.9956710338593 30099 300989
 1176.0594172477722 30099 300989
 1174.6152529716492 30099 300989
 1173.6399257183075 30099 300989
 1173.2186048030853 30099 300989
 1178.3542912006378 30099 300989
 1174.010141134262 30099 300989
 1176.6055755615234 30099 300989
 1174.4033739566803 30099 300989
 1174.460988998413 30099 300989
 1177.0408906936646 30099 300989
 1173.3741071224213 30099 300989
 1174.5930423736572 30099 300989
 1173.821753501892 30099 300989
 1172.8594148159027 30099 300989
 1172.6948540210724 30099 300989
 1178.7355785369873 30099 300989
 1173.647577047348 30099 300989
 1172.8170619010925 30099 300989
 1172.7048063278198 30099 300989
 1170.438388824463 30099 300989
 1168.702198266983 30099 300989
 1175.6933002471924 30099 300989
 1170.9468693733215 30099 300989
 1173.0047917366028 30099 300989