
 14672.574123382568 90294 300989
 14694.928674459457 90294 300989
 14718.094826936722 90294 300989
 14737.730296850204 90294 300989
 14852.363584518433 90294 300989
 14976.881914377213 90294 300989
 14968.450534820557 90294 300989
 14987.396040201187 90294 300989
 15096.865967273712 90294 300989
 15122.193701982498 90294 300989
 15179.223559617996 90294 300989
 15249.89511346817 90294 300989
 15225.030330657959 90294 300989
 15268.754425525665 90294 300989
 15311.4039311409 90294 300989
 14454.150322914124 90294 300989
 14413.838387012482 90294 300989
 14451.891319990158 90294 300989
 14467.770936012268 90294 300989
 14503.311385393143 90294 300989
 14456.307168006897 90294 300989
 14441.755594730377 90294 300989
 14426.175495147705 90294 300989
 14440.627918720245 90294 300989
 14451.468894958496 90294 300989
 14450.903773546219 90294 300989
 14452.317317724228 90294 300989
 14416.678844451904 90294 300989
 14386.713984012604 90294 300989
 14438.40639948845 90294 300989