
 1.2207887172698975 90 307
 1.1526877880096436 90 307
 1.1601507663726807 90 307
 1.1455998420715332 90 307
 1.1174485683441162 90 307
 1.1791892051696777 90 307
 1.1075756549835205 90 307
 1.112243413925171 90 307
 1.110271692276001 90 307
 1.2829365730285645 90 307
 1.2122349739074707 90 307
 1.1303820610046387 90 307
 1.1022868156433105 90 307
 1.1043047904968262 90 307
 1.1651334762573242 90 307
 1.1348071098327637 90 307
 1.1400351524353027 90 307
 1.141418218612671 90 307
 1.1999366283416748 90 307
 1.1137359142303467 90 307
 1.1250019073486328 90 307
 1.0959727764129639 90 307
 1.1159577369689941 90 307
 1.1817822456359863 90 307
 1.1670563220977783 90 307
 1.1301331520080566 90 307
 1.2159008979797363 90 307
 1.183669090270996 90 307
 1.1005868911743164 90 307
 1.126209020614624 90 307