
 244.6649374961853 9011 30047
 243.99542903900146 9011 30047
 244.16304445266724 9011 30047
 243.5398726463318 9011 30047
 243.79352617263794 9011 30047
 245.43030095100403 9011 30047
 243.40465474128723 9011 30047
 244.09530758857727 9011 30047
 243.27236485481262 9011 30047
 242.90428352355957 9011 30047
 244.49863195419312 9011 30047
 243.92492604255676 9011 30047
 245.46435856819153 9011 30047
 243.05875277519226 9011 30047
 242.96932768821716 9011 30047
 245.595716714859 9011 30047
 244.3694896697998 9011 30047
 245.02810263633728 9011 30047
 243.47613883018494 9011 30047
 243.03836607933044 9011 30047
 243.75185823440552 9011 30047
 244.05240488052368 9011 30047
 258.9363830089569 9011 30047
 245.1853005886078 9011 30047
 244.10080766677856 9011 30047
 242.91860246658325 9011 30047
 243.7930450439453 9011 30047
 245.4114375114441 9011 30047
 243.93768620491028 9011 30047
 243.82914280891418 9011 30047