
 1.5198824405670166 30 307
 1.5645813941955566 30 307
 1.5642430782318115 30 307
 1.550865650177002 30 307
 1.522979974746704 30 307
 1.6048738956451416 30 307
 1.5304102897644043 30 307
 1.5320870876312256 30 307
 1.550581932067871 30 307
 1.5649631023406982 30 307
 1.5759916305541992 30 307
 1.5461835861206055 30 307
 1.6103804111480713 30 307
 1.6194767951965332 30 307
 1.6081326007843018 30 307
 1.6067726612091064 30 307
 1.5309278964996338 30 307
 1.619326114654541 30 307
 1.5625300407409668 30 307
 1.6097691059112549 30 307
 1.5159423351287842 30 307
 1.5472385883331299 30 307
 1.5799202919006348 30 307
 1.5385901927947998 30 307
 1.560659408569336 30 307
 1.577925443649292 30 307
 1.6284844875335693 30 307
 1.5587656497955322 30 307
 1.6035163402557373 30 307
 1.528167486190796 30 307