
 207.29713821411133 3005 30047
 207.8952305316925 3005 30047
 209.52160596847534 3005 30047
 206.4854452610016 3005 30047
 208.63496112823486 3005 30047
 208.5364830493927 3005 30047
 207.2769227027893 3005 30047
 208.19051313400269 3005 30047
 210.06010794639587 3005 30047
 207.30581188201904 3005 30047
 207.56107211112976 3005 30047
 208.89717268943787 3005 30047
 207.91386818885803 3005 30047
 206.85201716423035 3005 30047
 209.2945282459259 3005 30047
 208.96771001815796 3005 30047
 206.58376002311707 3005 30047
 209.0114040374756 3005 30047
 208.4126889705658 3005 30047
 208.89694476127625 3005 30047
 207.6087532043457 3005 30047
 209.3493206501007 3005 30047
 207.91018319129944 3005 30047
 207.1976888179779 3005 30047
 208.66904759407043 3005 30047
 209.63566875457764 3005 30047
 206.91282558441162 3005 30047
 209.0463674068451 3005 30047
 208.79869151115417 3005 30047
 206.4465172290802 3005 30047