
 6532.156608819962 30100 300989
 6534.158966064453 30100 300989
 6520.563451528549 30100 300989
 6529.150055646896 30100 300989
 6532.30850481987 30100 300989
 6527.48614025116 30100 300989
 6513.817150592804 30100 300989
 6522.153349637985 30100 300989
 6512.454934597015 30100 300989
 6534.345286130905 30100 300989
 6561.270143270493 30100 300989
 6532.667251110077 30100 300989
 6549.203098058701 30100 300989
 6534.4543516635895 30100 300989
 6573.318701505661 30100 300989
 6532.976311683655 30100 300989
 6525.090028762817 30100 300989
 6515.765572309494 30100 300989
 6520.446106433868 30100 300989
 6521.977978229523 30100 300989
 6522.974873304367 30100 300989
 6517.604922294617 30100 300989
 6524.7081570625305 30100 300989
 6538.046622753143 30100 300989
 6531.757199287415 30100 300989
 6534.648151397705 30100 300989
 6531.561737060547 30100 300989
 6530.932306289673 30100 300989
 6534.215283632278 30100 300989
 6534.035031795502 30100 300989