
 2.0280604362487793 0 307
 1.5415761470794678 0 307
 1.5810959339141846 0 307
 1.6491217613220215 0 307
 1.5609769821166992 0 307
 1.590867280960083 0 307
 1.6668424606323242 0 307
 1.5697152614593506 0 307
 1.6102097034454346 0 307
 1.6574397087097168 0 307
 1.6067190170288086 0 307
 1.5687344074249268 0 307
 1.5757951736450195 0 307
 1.6228396892547607 0 307
 1.5506205558776855 0 307
 1.565622091293335 0 307
 1.895329236984253 0 307
 1.5745060443878174 0 307
 1.6459946632385254 0 307
 1.7026152610778809 0 307
 1.537405252456665 0 307
 1.557328701019287 0 307
 1.6929824352264404 0 307
 1.55784273147583 0 307
 1.6057910919189453 0 307
 1.6463823318481445 0 307
 1.5907325744628906 0 307
 1.566835641860962 0 307
 1.532923698425293 0 307
 1.607085943222046 0 307