
 16.99921417236328 337 3375
 17.095607042312622 337 3375
 17.253221035003662 337 3375
 17.08942174911499 337 3375
 17.16268539428711 337 3375
 17.440504550933838 337 3375
 17.70579743385315 337 3375
 17.42088007926941 337 3375
 17.33945393562317 337 3375
 17.71095633506775 337 3375
 17.49931788444519 337 3375
 17.162092208862305 337 3375
 17.228129625320435 337 3375
 17.12303376197815 337 3375
 17.06551241874695 337 3375
 16.995115518569946 337 3375
 17.317298889160156 337 3375
 17.158183336257935 337 3375
 16.939403772354126 337 3375
 17.327892541885376 337 3375
 17.150678396224976 337 3375
 17.231144189834595 337 3375
 17.27918791770935 337 3375
 17.85065770149231 337 3375
 18.139111757278442 337 3375
 17.435240268707275 337 3375
 17.85806369781494 337 3375
 17.62817668914795 337 3375
 17.230014324188232 337 3375
 17.448050022125244 337 3375