
 140.09991765022278 9057 30047
 139.43397760391235 9057 30047
 139.451828956604 9057 30047
 140.2854561805725 9057 30047
 138.86216497421265 9057 30047
 140.66031408309937 9057 30047
 139.2742681503296 9057 30047
 141.2692837715149 9057 30047
 138.38091683387756 9057 30047
 140.4403519630432 9057 30047
 142.82420873641968 9057 30047
 141.73848271369934 9057 30047
 139.20711970329285 9057 30047
 139.9032542705536 9057 30047
 141.05012583732605 9057 30047
 139.5380084514618 9057 30047
 140.14779257774353 9057 30047
 139.24300003051758 9057 30047
 140.46917963027954 9057 30047
 139.30226278305054 9057 30047
 141.2555832862854 9057 30047
 138.41960883140564 9057 30047
 141.8681287765503 9057 30047
 138.89074325561523 9057 30047
 141.98792815208435 9057 30047
 138.82865452766418 9057 30047
 140.92363739013672 9057 30047
 139.26502346992493 9057 30047
 140.96955037117004 9057 30047
 139.10513401031494 9057 30047