
 17.4265456199646 336 3375
 16.85019826889038 336 3375
 16.991270065307617 336 3375
 16.887550354003906 336 3375
 16.806923866271973 336 3375
 16.842591762542725 336 3375
 17.022124528884888 336 3375
 16.934338331222534 336 3375
 16.92155957221985 336 3375
 16.965601921081543 336 3375
 17.106511116027832 336 3375
 16.91576647758484 336 3375
 17.150699377059937 336 3375
 17.551875829696655 336 3375
 17.477497339248657 336 3375
 17.290096521377563 336 3375
 17.392184019088745 336 3375
 17.381354093551636 336 3375
 17.104681491851807 336 3375
 16.941990852355957 336 3375
 17.101703643798828 336 3375
 16.951963663101196 336 3375
 16.894622564315796 336 3375
 16.92897391319275 336 3375
 17.039918422698975 336 3375
 16.775734901428223 336 3375
 16.82616662979126 336 3375
 17.091300010681152 336 3375
 16.836657762527466 336 3375
 16.95386052131653 336 3375