
 1.6918702125549316 91 307
 1.6687273979187012 91 307
 1.619605541229248 91 307
 1.636000156402588 91 307
 1.6660346984863281 91 307
 1.6355454921722412 91 307
 1.603187084197998 91 307
 1.6823687553405762 91 307
 1.6393518447875977 91 307
 1.6067438125610352 91 307
 1.6688578128814697 91 307
 1.694993495941162 91 307
 1.5998482704162598 91 307
 1.7264728546142578 91 307
 1.6913714408874512 91 307
 1.6579952239990234 91 307
 1.6828484535217285 91 307
 1.6567168235778809 91 307
 1.6793537139892578 91 307
 1.6505050659179688 91 307
 1.6510519981384277 91 307
 1.6220431327819824 91 307
 1.6474273204803467 91 307
 1.6406292915344238 91 307
 1.6454987525939941 91 307
 1.6380574703216553 91 307
 1.7503283023834229 91 307
 1.6874706745147705 91 307
 1.6285104751586914 91 307
 1.6763272285461426 91 307