
 17.00471305847168 0 3375
 17.068013191223145 0 3375
 16.80205750465393 0 3375
 16.720144987106323 0 3375
 17.086382150650024 0 3375
 17.082606554031372 0 3375
 16.814193725585938 0 3375
 17.099174737930298 0 3375
 17.480181217193604 0 3375
 17.525850534439087 0 3375
 17.25938367843628 0 3375
 17.710486888885498 0 3375
 17.341583013534546 0 3375
 16.94962477684021 0 3375
 16.95561909675598 0 3375
 16.923096895217896 0 3375
 16.855026483535767 0 3375
 16.79245114326477 0 3375
 16.979066610336304 0 3375
 17.069194078445435 0 3375
 16.869784593582153 0 3375
 16.81687617301941 0 3375
 16.904059171676636 0 3375
 16.869463443756104 0 3375
 16.715231895446777 0 3375
 17.402977228164673 0 3375
 17.134639024734497 0 3375
 17.156490325927734 0 3375
 17.115978717803955 0 3375
 17.28723907470703 0 3375