
 17.552447080612183 1012 3375
 17.53387451171875 1012 3375
 17.476646423339844 1012 3375
 17.612923622131348 1012 3375
 17.530929565429688 1012 3375
 17.309192180633545 1012 3375
 17.547505855560303 1012 3375
 17.629817008972168 1012 3375
 17.262776851654053 1012 3375
 17.60504913330078 1012 3375
 17.738346099853516 1012 3375
 17.927107095718384 1012 3375
 17.76475429534912 1012 3375
 17.951242208480835 1012 3375
 17.953089952468872 1012 3375
 17.420319318771362 1012 3375
 17.585527658462524 1012 3375
 17.708341121673584 1012 3375
 17.588950634002686 1012 3375
 17.43614149093628 1012 3375
 17.53468418121338 1012 3375
 17.566972494125366 1012 3375
 17.31631875038147 1012 3375
 17.53908061981201 1012 3375
 17.60445261001587 1012 3375
 17.490507125854492 1012 3375
 17.487258195877075 1012 3375
 18.00000524520874 1012 3375
 18.096678256988525 1012 3375
 17.785838842391968 1012 3375