
 125.19228982925415 3003 30047
 122.9555253982544 3003 30047
 125.27758479118347 3003 30047
 123.45947194099426 3003 30047
 124.30869913101196 3003 30047
 124.13601064682007 3003 30047
 123.4785692691803 3003 30047
 125.27587366104126 3003 30047
 122.80776262283325 3003 30047
 125.45627665519714 3003 30047
 124.09681701660156 3003 30047
 123.85481405258179 3003 30047
 125.94372987747192 3003 30047
 122.80231308937073 3003 30047
 125.49282836914062 3003 30047
 123.28554773330688 3003 30047
 123.44572353363037 3003 30047
 124.33247137069702 3003 30047
 122.89283990859985 3003 30047
 125.29691052436829 3003 30047
 122.68304681777954 3003 30047
 124.9164788722992 3003 30047
 123.77782654762268 3003 30047
 123.25197696685791 3003 30047
 126.64263367652893 3003 30047
 122.94665670394897 3003 30047
 125.15734052658081 3003 30047
 125.4047839641571 3003 30047
 123.48740124702454 3003 30047
 124.9521861076355 3003 30047