
 10,802477836608887 299 2462
 8,422581434249878 299 2462
 8,42575216293335  299 2462
 8,832547426223755 299 2462
 9,270828008651733 299 2462
 8,858473777770996 299 2462
 8,750649452209473 299 2462
 9,514918327331543 299 2462
 8,464093446731567 299 2462
 8,616798162460327 299 2462
 8,757112979888916 299 2462
 8,477579593658447 299 2462
 8,438045978546143 299 2462
 8,752880334854126 299 2462
 8,582820892333984 299 2462
 9,969611406326294 299 2462
 8,630056381225586 299 2462
 8,9678955078125   299 2462
 8,552477598190308 299 2462
 9,232935190200806 299 2462