
 131,70288395881653 3000 33797
 133,5772750377655 3000 33797
 133,44266724586487 3000 33797
 132,9970395565033 3000 33797
 133,62725281715393 3000 33797
 136,00440764427185 3000 33797
 132,83340048789978 3000 33797
 132,9072847366333 3000 33797
 133,96589279174805 3000 33797
 134,291100025177 3000 33797
 132,9311158657074 3000 33797
 134,90127182006836 3000 33797
 132,8767387866974 3000 33797
 133,6872901916504 3000 33797
 132,90821933746338 3000 33797
 134,85286688804626 3000 33797
 132,911137342453 3000 33797
 133,91387009620667 3000 33797
 133,46291613578796 3000 33797
 139,37887048721313 3000 33797